ワカクサ本島

ポケモン数	必要エナジー
4	9,653
5	20,737
6	46,264
7	83,315
8	195,636



シアンの砂浜

ポケモン数	必要エナジー
4	15,744
5	35,113
6	71,624
7	134,883
8	304,918



トープ洞窟

ポケモン数	必要エナジー
4	18,295
5	46,264
6	99,359
7	195,636
8	437,065



ウノハナ雪原

ポケモン数	必要エナジー
4	28,214
5	71,624
6	154,692
7	287,728
8	656,934



ラピスラズリ湖畔

ポケモン数	必要エナジー
4	31,536
5	77,305
6	166,599
7	304,918
8	686,643



ゴールド旧発電所

ポケモン数	必要エナジー
4	60,104
5	143,398
6	304,918
7	499,155
8	973,717



アンバー渓谷

ポケモン数	必要エナジー
4	61,554
5	143,919
6	306,498
7	499,512
8	976,396



ワカクサ本島EX

ポケモン数	必要エナジー
4	62,632
5	145,308
6	307,277
7	500,042
8	973,718

